98524936524
96467876974
97836647912
72051219546
88445518961
59498826860
76055758243
58944980339
93584412487
62427282029
98985522288
88445518961
58558645805
84990209480
80812090202
85264891763
76055758243
77669243142
58958068057
78782477195
57720812347
63482523084
6796248446
58226999222
6556303280
89923219116
70497664163
84251941922
84492244869
87701259337
60879835358
61002725169
58967221345
60339768443
60179369788
72221135360
63075266947
70928278802
55984163441
86314100721
93675496548
76911525408
87643854330
62213791214
88784318612
58367610723
59425735996
84911283426
60553285521
59613940436
58947228022
82407619912
97651411917
58325035431
56874100517
24058267831
68310389333
67258332695
56966167781
57612117399
22768209374
57757215586
58277041106
57866908739
59431997039
60846001594
57332871575
59088712562
24305736433
93165519888
63552193042
7869942119
58881153813
64801404467
84380163135
57556362221
53618753523
96043243568
58047835859
58997325159
57790016108
71988840416
54616977613
2613650662
59339265902
84838275326
64263938561
71400733521
61523211043
57058787621
64190351725
74454422641
62872114620
52898476419
65853241792
66655962890
58047677560
6693668509
64304429180
55211884523
56409684238
60914670248
52132685896
56959759788
71849024620
66236291136
63549109794
57009246266
61328267629
63685564960
58963185584
69428267585
73838190950
84004337624
95970792674
58625584787
58969597095
60420246628
91561768808
69132220176
94672106361
68406473929
95766894173
53605806111
59012382977
57643011336
6464910187
63928926802
52258668336
79134579637
54254780176
54732891751
59764617696
80540738083
58505247852
59413372246
61438717109
54579996202
76158172249
89467137351
59270501820
58713365917
64234162985
70616250962
61595949161
62427282029
59145616385
50274977498
63366124244
59926124353
52821942999
53023906474
57269359275
59390245345
65876832352
53579263152
58651677044
58242106185
58762440137
58114668126
65411347386
59150254410
87700809475
60220040062
53033085462
58341733889
61658420217
96143493570
56663252872
58934694205
59063850977
62192300898
58790029249
58905342192
60931968765
61314332051
57164486369
52348510570
54203770689
63622535338
59137042758
62193707932
62213099583
61861537931
58387698415
53048554586
62050494661
95406188422
60434885204
91720553429
71767554074
56913513592
59120310131
72064973962
57809057592
57645784187
96223784890
92187441311
63091586722
54237507764
57341342928
58943188923
63658261457
63314156399
62952866437
64314039147
68793469235
61740198238
58670637606
53461247144
59714401006
72763258060
58373432321
86194548903
62468158474
77330454358
58927174287
61901218734
62016411833
52282972662
57018373278
55997704074
69613490680
54060972194
57968705815
60282990510
55499146273
70109188188
57071969138
63311490364
87360424915
58019103731
66288125406
60288330015
57560468531
95870186531
63561392076
58265705658
73034611499
60050953067
57684934042
56709647970
55142252272
7014348679
72786810860
59671928617
68299214711
75204091209
6551580052
69346699391
53336840268
58295419229
50103056417
57919043729
61176912743
60720829713
56945046994
57974384719
74481413831
67530039871
53108936406
58609700589
63601185866
78915243632
61672191805
62288305301
57876934890
54280942465
60819843102
54756433873
72811333016
57041735374
61027245551
93159841440
58553289463
67413707915
87786209784
95251107468
58801958096
60589116664
59873257068
52010093998
94181398880
64974757115
6954886067
50456358815
59041620338
58967169879
77085920527
57225632543
3028238155
59048261498
95353703889
56014935179
58606884048
76054877287
62269715643
51996947407
58891961348
62676561438
72940841840
67567362368
66084711478
72011444965
57837235721
59174715782
60953668354
72626001396
16011544442
58695361755
59864823762
73092567514
95268022978
75620644775
7018007903
60933047765
87184544740
55234473492
60655862437
55497002327
58543570570
56581422581
58568372874
59756036199
85601755156
63405202796
86241788954
55058050988
56252078401
58688286316
52187270649
62516572530
95299851633
92301604988
57115977820
6571895543
58723461748
68394532672
85029822158
57266327739
58967948180
56731634002
58873045847
70764946863
57402298580
58520759878
56098345036
59323628977
58744164925
65544934359
59238269081
52251443638
89923410837
59057144237
80141310711
52702202460
58758728628
59984353697
59303396795
52727678620
56814292808
65549510985
58674327601
77406896421
87523294846
58011014629
63836769996
58617079284
62179004237
52118639689
53406230898
52305452936
78189198174
86033934992
58505140475
56626068779
56878490911
88851546537
65690612180
66552651400
72096309936
61705117191
57822989614
87754483613
59261566908
60679291746
59698927636
83884808948
61555671265
59168758509
58038158945
59247221675
58051791012
94410493287
57428192654
58543172558
76084486872
71888485188
58617085308
57102453107
55073735587
61481094233
54289037394
70264353960
57823035328
74772002045
83267192150
53006810079
57277423297
52091293595
76102665553
63164475148
71889869324
57270456539
64117064293
69235505155
58755820712
58752010467
60211470472
63623642070
55825796787
58672234174
62207955145
52423164544
92877396036
58846139841
60205035925
58212143911
59166572291
66940512098
61309878330
57146617774
58720080175
60433701138
95016656461
77345003081
94197890678
62870510063
62269790293
58585838534
89024508972
66309909229
58111325592
59770010354
78763076237
75211256532
71475838147
53611841560
58181362938
77185101880
57843614598
56922010422
76194328390
57525632228
52411523082
58085661446
59815803742
94018254493
59819619841
61858832390
61249872676
95886418195
58971010464
60031909407
70858538178
72853376372
58948149403
57784851542
55366957719
84064249580
69847772041
58685810082
58858455856
57055562729
61636626296
76872167608
58982157912
58370197266
76359996351
98282802298
95381124056
63349160188
70591295426
61794338489
81300285858
59716203287
75930006314
52807354823
76590181131
58980378839
71664141607
62686436967
58887191311
61512489659
58741368387
55642321655
68638142449
58366690386
62212476969
58697984977
67060462368
73240272248
58501984673
93795383928
74989806441
72457857510
58240276191
63713532800
64546533276
58337347399
58382063392
53445379527
95168760654
57758037512
69166968080
64632559218
72647219292
59541345200
58997494646
65968735378
56966230460
53369131000
63242617937
60411169475
55045331671
70621472941
59474704115
66487101812
53572540193
57921024042
70826497841
62221311665
58677627021
71837495316
63733753696
61857042012
95331989108
78130530099
77834400629
62720977541
58346191000
70479795720
58297248526
56954224013
57662520159
57836738284
73531746974
58360504931
62353097732
57605923931
58935356889
58940712003
62854908733
53382623682
93394986136
71509184505
57920777772
89852523288
70022211908
56626230718
57753147621
81961730004
61620099944
62670121393
61969427936
59101444696
63055940100
57817563314
61710673474
59718676334
69360229267
76065353125
54831232798
56935847108
10922318128
69641816230
58239566040
50097169795
58251657484
50052898477
58264046532
64105144454
61593995628
55377758165
87035990892
60684729568
57940994814
68612333067
70187269266
94350991579
59745765550
91778112094
75328580323
88664286595
61938449307
78895792508
59595424956
77723933923
75865339382
67210932257
65210244063
7021603861
98463336988
83484088021
85766965412
84347797618
55451425225
58573257875
59042905852
63264552524
61711392254
63315334529
71476989991
57779212227
58143045745
56966200785
57570762568
57707583082
58947317715
58889342434
61627651043
52464993381
53224276081
83258566660
73566078769
55019809862
55016500462
74709119393
68844009581
65231536768
94566999984
60507013864
52868070492
57508349602
73548226678
60138043398
58635617886
62074388946
59678333019
57427840694
86589903851
70658816811
74954666042
73397174565
63202326894
58967115814
51520478882
6843065200
67553902459
58717635845
60831340756
57842777294
61839742200
74893461963
65024718723
63661228514
83746073318
58597224951
82837571567
52662105617
52373448859
60635704590
58762391038
64111901985
59483035417
73676659710
94174459674
71947318403
61928627824
52603545833
51523029160
65413595875
57589455677
64117131714
61833980777
59102625687
58635601720
62847193928
59030281787
58637328704
59361958529
92514490224
58675636008
93352344795
61891249372
95656244815
58721651890
55105735143
61572990307
79287447563
61423818313
66194258276
61941123307
58947542714
69811998414
4978235969
57707550239
63635690561
77361921544
57727436634
68606781982
58361750989
57360400587
74416026777
57973002628
59780148387
83075809131
56691197525
57802389323
70314512944
58244372539
74914212044
59033433299
80305684487
87710329330
15844427444
67768544306
64104670372
61667342532
57741876905
96271351425
55864095414
58887660659
57428125738
78915216691
53952828619
62854509155
56559932458
58618754312
53918665845
95872745325
62955930333
70192959261
63174450547
61492936826
60783648109
64723656505
64465038339
95371086646
21298721540
60230440343
58633239048
88841497969
74595351174
51613194608
59964358727
58806342120
67268055382
76494092348
72294177735
63840023129
67961562676
76343555145
86478050578
92247763651
60619944824
55588730723
58958136840
58813946502
72678561624
59556078127
63817705802
57485475035
56852379292
97622914640
67929100762
82499104982
52654370222
62499634452
22399516946
58014672600
58582053105
56190337135
55061476807
70387243338
59486051663
72701520618
84168091425
62447132950
73235472999
59000492359
62391805529
58233197806
60811392176
16077931476
9965445435
59319452256
64790405854
53333056344
56943219959
52456974115
58194069096
61931276133
66433826542
57593508196
54281176000
54960408102
75235910352
66074746076
58547278836
58140478112
59405009800
58494900138
74768391513
62922566113
58787790677
59953478993
76450291094
96288859700
52414081513
82846942624
63546180059
64691540989
58967178195
57480486618
69657434387
62275791338
51770508868
7021664433
58304555133
77054276281
59284214458
52159297388
60669147324
58301914787
60459983220
59148247116
54879523090
57746697874
58536218917
95994096866
74995456551
65545029403
93704350652
62936400200
60450247105
57700728077
92844437987
59230408668
77884656130
78011807711
59677019626
58271507050
54098414753
75991795688
58146272893
60113392054
59565123142
58813600075
81300314594
64427568182
63928191115
60479050567
57299740001
59246252044
62288606166
52896884309
59595971869
57843733637
64337460281
57037040579
63104701766
96426660026
61785653544
57132111466
58761942543
60987168499
59986872282
60014106133
71296306179
70293802779
55870189475
64221677276
57580374406
52511959041
58265702843
55227841086
76087022898
71776304132
56904290975
59326748256
56118500479
59016996926
86772506496
88826445173
64542669112
76495657979
56964089429
59231263702
58546460081
59627967653
68238228581
83051116862
61569002758
59803378927
61836873976
58907073106
57569832646
62051703460
57853221666
66927704562
53512758606
96548108034
61197413325
51154875204
20741962923
55069637984
59294684365
61464870558
57040284274
95383453538
59604538485
58805112816
67537339616
56247072137
71945986213
56538000043
73623753086
79952054953
54518826830
59192312548
58822908673
83492507980
84509654640
66257873558
57601817073
58134616439
58895610320
61501175218
64505344429
71682680566
59811280856
95897251870
56799860141
59183862010
80339520882
58088536508
58131704326
57144324750
59611157920
75014221321
62518239036
60292740692
95597255565
71312240296
52915576673
54475700928
58256410554
95645862100
58831655935
66639855211
89850505357
75286893728
61380764140
58011243432
68840963800
59090694545
57600417046
50793111923
52655401119
60388893631
89879772942
58179134820
52634743244
59227940223
96152155736
75115391143
69008027739
63861044957
64391297822
62433611300
52566027251
70765266321
65040596253
60324017909
58834362669
52577084779
62122781453
57904540020
56623541490
57938314596
55760493155
72326826732
75149836008
63503960370
58276021197
62653835519
53294398237
67902566100
81802611997
60601860711
63874048088
61211926602
67343617965
57673052813
96223154286
72072798055
55689017649
52319910646
58651343591
59030042291
58321980932
67977693263
65100609659
59648304536
64322290996
63803568394
58589817703
72364402964
61941394712
63325405895